image: /home/csunix/sc19msmm/catkin_ws/src/lab4/maps/mymap.pgm
resolution: 0.050000
origin: [-15.400000, -12.200000, 0.000000]
negate: 0
occupied_thresh: 0.65
free_thresh: 0.196

